4986
9974
14950
19946
20286
15153
19751
20151
29732
35101
34713
30108
49680
59841
40093
49876
49879
44886
54861
59843
59982
64700
69805
75015
89888
84858
89981
99535
104906
114691
114709
114703
134631
151007
144807
134721
144619
139639
149610
159800
169554
164779
164718
184538
209422
214546
249338
254388
249324
249340
247384
239370
232476
259231
254610
284250
274486
294000
284437
293263
299109
314158
319149
319346
341160
428859
364019
359046
373993
389167
419096
416535
419098
418894
429086
453990
521371
513541
498525
538765
563295
598404
623339
595900
623376
608388
603377
588636
598425
648226
842764
907570
982881
698347
688165
678616
711320
737022
832181
